2021/12/20-15:39:15.583529 3f88 RocksDB version: 5.18.4
2021/12/20-15:39:15.583660 3f88 Git sha rocksdb_build_git_sha:@b9a4a10659969c71e6f6eab4e4bae8c36ede919f@
2021/12/20-15:39:15.583688 3f88 Compile date Mar 11 2020
2021/12/20-15:39:15.583728 3f88 DB SUMMARY
2021/12/20-15:39:15.583901 3f88 CURRENT file:  CURRENT
2021/12/20-15:39:15.583916 3f88 IDENTITY file:  IDENTITY
2021/12/20-15:39:15.583953 3f88 MANIFEST file:  MANIFEST-000060 size: 499 Bytes
2021/12/20-15:39:15.583966 3f88 SST files in D:\project\microservice\cxh-microservices\cxh-register\nacos\data\protocol\raft\naming_persistent_service_v2\log dir, Total Num: 7, files: 000049.sst 000051.sst 000053.sst 000055.sst 000057.sst 000059.sst 000061.sst 
2021/12/20-15:39:15.583977 3f88 Write Ahead Log file in D:\project\microservice\cxh-microservices\cxh-register\nacos\data\protocol\raft\naming_persistent_service_v2\log: 000062.log size: 429 ; 
2021/12/20-15:39:15.584356 3f88                         Options.error_if_exists: 0
2021/12/20-15:39:15.584371 3f88                       Options.create_if_missing: 1
2021/12/20-15:39:15.584375 3f88                         Options.paranoid_checks: 1
2021/12/20-15:39:15.584378 3f88                                     Options.env: 0000000000FBD400
2021/12/20-15:39:15.584382 3f88                                Options.info_log: 0000000025E506A0
2021/12/20-15:39:15.584386 3f88                Options.max_file_opening_threads: 16
2021/12/20-15:39:15.584389 3f88                              Options.statistics: 0000000025E37250
2021/12/20-15:39:15.584393 3f88                               Options.use_fsync: 0
2021/12/20-15:39:15.584396 3f88                       Options.max_log_file_size: 0
2021/12/20-15:39:15.584400 3f88                  Options.max_manifest_file_size: 1073741824
2021/12/20-15:39:15.584403 3f88                   Options.log_file_time_to_roll: 0
2021/12/20-15:39:15.584407 3f88                       Options.keep_log_file_num: 1000
2021/12/20-15:39:15.584410 3f88                    Options.recycle_log_file_num: 0
2021/12/20-15:39:15.584413 3f88                         Options.allow_fallocate: 1
2021/12/20-15:39:15.584417 3f88                        Options.allow_mmap_reads: 0
2021/12/20-15:39:15.584420 3f88                       Options.allow_mmap_writes: 0
2021/12/20-15:39:15.584424 3f88                        Options.use_direct_reads: 0
2021/12/20-15:39:15.584427 3f88                        Options.use_direct_io_for_flush_and_compaction: 0
2021/12/20-15:39:15.584431 3f88          Options.create_missing_column_families: 1
2021/12/20-15:39:15.584434 3f88                              Options.db_log_dir: 
2021/12/20-15:39:15.584437 3f88                                 Options.wal_dir: D:\project\microservice\cxh-microservices\cxh-register\nacos\data\protocol\raft\naming_persistent_service_v2\log
2021/12/20-15:39:15.584441 3f88                Options.table_cache_numshardbits: 6
2021/12/20-15:39:15.584444 3f88                      Options.max_subcompactions: 1
2021/12/20-15:39:15.584448 3f88                  Options.max_background_flushes: 1
2021/12/20-15:39:15.584451 3f88                         Options.WAL_ttl_seconds: 0
2021/12/20-15:39:15.584454 3f88                       Options.WAL_size_limit_MB: 0
2021/12/20-15:39:15.584458 3f88             Options.manifest_preallocation_size: 4194304
2021/12/20-15:39:15.584461 3f88                     Options.is_fd_close_on_exec: 1
2021/12/20-15:39:15.584464 3f88                   Options.advise_random_on_open: 1
2021/12/20-15:39:15.584468 3f88                    Options.db_write_buffer_size: 0
2021/12/20-15:39:15.584471 3f88                    Options.write_buffer_manager: 0000000025E47960
2021/12/20-15:39:15.584475 3f88         Options.access_hint_on_compaction_start: 1
2021/12/20-15:39:15.584478 3f88  Options.new_table_reader_for_compaction_inputs: 0
2021/12/20-15:39:15.584482 3f88           Options.random_access_max_buffer_size: 1048576
2021/12/20-15:39:15.584485 3f88                      Options.use_adaptive_mutex: 0
2021/12/20-15:39:15.584489 3f88                            Options.rate_limiter: 0000000000000000
2021/12/20-15:39:15.584532 3f88     Options.sst_file_manager.rate_bytes_per_sec: 0
2021/12/20-15:39:15.584539 3f88                       Options.wal_recovery_mode: 2
2021/12/20-15:39:15.584542 3f88                  Options.enable_thread_tracking: 0
2021/12/20-15:39:15.584546 3f88                  Options.enable_pipelined_write: 0
2021/12/20-15:39:15.584549 3f88         Options.allow_concurrent_memtable_write: 1
2021/12/20-15:39:15.584552 3f88      Options.enable_write_thread_adaptive_yield: 1
2021/12/20-15:39:15.584556 3f88             Options.write_thread_max_yield_usec: 100
2021/12/20-15:39:15.584559 3f88            Options.write_thread_slow_yield_usec: 3
2021/12/20-15:39:15.584563 3f88                               Options.row_cache: None
2021/12/20-15:39:15.584566 3f88                              Options.wal_filter: None
2021/12/20-15:39:15.584570 3f88             Options.avoid_flush_during_recovery: 0
2021/12/20-15:39:15.584573 3f88             Options.allow_ingest_behind: 0
2021/12/20-15:39:15.584577 3f88             Options.preserve_deletes: 0
2021/12/20-15:39:15.584580 3f88             Options.two_write_queues: 0
2021/12/20-15:39:15.584583 3f88             Options.manual_wal_flush: 0
2021/12/20-15:39:15.584586 3f88             Options.max_background_jobs: 2
2021/12/20-15:39:15.584590 3f88             Options.max_background_compactions: 4
2021/12/20-15:39:15.584593 3f88             Options.avoid_flush_during_shutdown: 0
2021/12/20-15:39:15.584597 3f88           Options.writable_file_max_buffer_size: 1048576
2021/12/20-15:39:15.584600 3f88             Options.delayed_write_rate : 16777216
2021/12/20-15:39:15.584603 3f88             Options.max_total_wal_size: 0
2021/12/20-15:39:15.584607 3f88             Options.delete_obsolete_files_period_micros: 21600000000
2021/12/20-15:39:15.584610 3f88                   Options.stats_dump_period_sec: 600
2021/12/20-15:39:15.584614 3f88                          Options.max_open_files: -1
2021/12/20-15:39:15.584620 3f88                          Options.bytes_per_sync: 0
2021/12/20-15:39:15.584623 3f88                      Options.wal_bytes_per_sync: 0
2021/12/20-15:39:15.584627 3f88       Options.compaction_readahead_size: 0
2021/12/20-15:39:15.584631 3f88 Compression algorithms supported:
2021/12/20-15:39:15.584635 3f88 	kZSTD supported: 1
2021/12/20-15:39:15.584638 3f88 	kSnappyCompression supported: 1
2021/12/20-15:39:15.584642 3f88 	kBZip2Compression supported: 0
2021/12/20-15:39:15.584645 3f88 	kZlibCompression supported: 1
2021/12/20-15:39:15.584649 3f88 	kLZ4Compression supported: 1
2021/12/20-15:39:15.584652 3f88 	kXpressCompression supported: 0
2021/12/20-15:39:15.584655 3f88 	kLZ4HCCompression supported: 1
2021/12/20-15:39:15.584659 3f88 	kZSTDNotFinalCompression supported: 1
2021/12/20-15:39:15.584670 3f88 Fast CRC32 supported: Supported on x86
2021/12/20-15:39:15.610149 3f88 [db\version_set.cc:3508] Recovering from manifest file: MANIFEST-000060
2021/12/20-15:39:15.626436 3f88 [db\column_family.cc:474] --------------- Options for column family [default]:
2021/12/20-15:39:15.626464 3f88               Options.comparator: leveldb.BytewiseComparator
2021/12/20-15:39:15.626469 3f88           Options.merge_operator: StringAppendOperator
2021/12/20-15:39:15.626473 3f88        Options.compaction_filter: None
2021/12/20-15:39:15.626476 3f88        Options.compaction_filter_factory: None
2021/12/20-15:39:15.626480 3f88         Options.memtable_factory: SkipListFactory
2021/12/20-15:39:15.626483 3f88            Options.table_factory: BlockBasedTable
2021/12/20-15:39:15.626527 3f88            table_factory options:   flush_block_policy_factory: FlushBlockBySizePolicyFactory (0000000000F157A0)
  cache_index_and_filter_blocks: 0
  cache_index_and_filter_blocks_with_high_priority: 1
  pin_l0_filter_and_index_blocks_in_cache: 1
  pin_top_level_index_and_filter: 1
  index_type: 2
  hash_index_allow_collision: 1
  checksum: 1
  no_block_cache: 0
  block_cache: 0000000000F72340
  block_cache_name: LRUCache
  block_cache_options:
    capacity : 536870912
    num_shard_bits : 8
    strict_capacity_limit : 0
    memory_allocator : None
    high_pri_pool_ratio: 0.000
  block_cache_compressed: 0000000000000000
  persistent_cache: 0000000000000000
  block_size: 4096
  block_size_deviation: 10
  block_restart_interval: 16
  index_block_restart_interval: 1
  metadata_block_size: 8192
  partition_filters: 1
  use_delta_encoding: 1
  filter_policy: nullptr
  whole_key_filtering: 1
  verify_compression: 0
  read_amp_bytes_per_bit: 0
  format_version: 0
  enable_index_compression: 1
  block_align: 0
2021/12/20-15:39:15.626584 3f88        Options.write_buffer_size: 67108864
2021/12/20-15:39:15.626592 3f88  Options.max_write_buffer_number: 3
2021/12/20-15:39:15.626596 3f88          Options.compression: Snappy
2021/12/20-15:39:15.626599 3f88                  Options.bottommost_compression: Disabled
2021/12/20-15:39:15.626603 3f88       Options.prefix_extractor: rocksdb.FixedPrefix.8
2021/12/20-15:39:15.626607 3f88   Options.memtable_insert_with_hint_prefix_extractor: nullptr
2021/12/20-15:39:15.626610 3f88             Options.num_levels: 7
2021/12/20-15:39:15.626613 3f88        Options.min_write_buffer_number_to_merge: 1
2021/12/20-15:39:15.626617 3f88     Options.max_write_buffer_number_to_maintain: 0
2021/12/20-15:39:15.626620 3f88            Options.bottommost_compression_opts.window_bits: -14
2021/12/20-15:39:15.626624 3f88                  Options.bottommost_compression_opts.level: 32767
2021/12/20-15:39:15.626627 3f88               Options.bottommost_compression_opts.strategy: 0
2021/12/20-15:39:15.626631 3f88         Options.bottommost_compression_opts.max_dict_bytes: 0
2021/12/20-15:39:15.626634 3f88         Options.bottommost_compression_opts.zstd_max_train_bytes: 0
2021/12/20-15:39:15.626638 3f88                  Options.bottommost_compression_opts.enabled: false
2021/12/20-15:39:15.626641 3f88            Options.compression_opts.window_bits: -14
2021/12/20-15:39:15.626645 3f88                  Options.compression_opts.level: 32767
2021/12/20-15:39:15.626648 3f88               Options.compression_opts.strategy: 0
2021/12/20-15:39:15.626651 3f88         Options.compression_opts.max_dict_bytes: 0
2021/12/20-15:39:15.626655 3f88         Options.compression_opts.zstd_max_train_bytes: 0
2021/12/20-15:39:15.626658 3f88                  Options.compression_opts.enabled: false
2021/12/20-15:39:15.626661 3f88      Options.level0_file_num_compaction_trigger: 10
2021/12/20-15:39:15.626665 3f88          Options.level0_slowdown_writes_trigger: 20
2021/12/20-15:39:15.626668 3f88              Options.level0_stop_writes_trigger: 40
2021/12/20-15:39:15.626672 3f88                   Options.target_file_size_base: 67108864
2021/12/20-15:39:15.626675 3f88             Options.target_file_size_multiplier: 1
2021/12/20-15:39:15.626678 3f88                Options.max_bytes_for_level_base: 536870912
2021/12/20-15:39:15.626682 3f88 Options.level_compaction_dynamic_level_bytes: 0
2021/12/20-15:39:15.626685 3f88          Options.max_bytes_for_level_multiplier: 10.000000
2021/12/20-15:39:15.626697 3f88 Options.max_bytes_for_level_multiplier_addtl[0]: 1
2021/12/20-15:39:15.626700 3f88 Options.max_bytes_for_level_multiplier_addtl[1]: 1
2021/12/20-15:39:15.626704 3f88 Options.max_bytes_for_level_multiplier_addtl[2]: 1
2021/12/20-15:39:15.626707 3f88 Options.max_bytes_for_level_multiplier_addtl[3]: 1
2021/12/20-15:39:15.626710 3f88 Options.max_bytes_for_level_multiplier_addtl[4]: 1
2021/12/20-15:39:15.626714 3f88 Options.max_bytes_for_level_multiplier_addtl[5]: 1
2021/12/20-15:39:15.626717 3f88 Options.max_bytes_for_level_multiplier_addtl[6]: 1
2021/12/20-15:39:15.626721 3f88       Options.max_sequential_skip_in_iterations: 8
2021/12/20-15:39:15.626724 3f88                    Options.max_compaction_bytes: 1677721600
2021/12/20-15:39:15.626727 3f88                        Options.arena_block_size: 8388608
2021/12/20-15:39:15.626731 3f88   Options.soft_pending_compaction_bytes_limit: 68719476736
2021/12/20-15:39:15.626734 3f88   Options.hard_pending_compaction_bytes_limit: 274877906944
2021/12/20-15:39:15.626738 3f88       Options.rate_limit_delay_max_milliseconds: 100
2021/12/20-15:39:15.626743 3f88                Options.disable_auto_compactions: 0
2021/12/20-15:39:15.626748 3f88                        Options.compaction_style: kCompactionStyleLevel
2021/12/20-15:39:15.626754 3f88                          Options.compaction_pri: kByCompensatedSize
2021/12/20-15:39:15.626758 3f88 Options.compaction_options_universal.size_ratio: 1
2021/12/20-15:39:15.626761 3f88 Options.compaction_options_universal.min_merge_width: 2
2021/12/20-15:39:15.626764 3f88 Options.compaction_options_universal.max_merge_width: 4294967295
2021/12/20-15:39:15.626768 3f88 Options.compaction_options_universal.max_size_amplification_percent: 200
2021/12/20-15:39:15.626771 3f88 Options.compaction_options_universal.compression_size_percent: -1
2021/12/20-15:39:15.626775 3f88 Options.compaction_options_universal.stop_style: kCompactionStopStyleTotalSize
2021/12/20-15:39:15.626778 3f88 Options.compaction_options_fifo.max_table_files_size: 1073741824
2021/12/20-15:39:15.626782 3f88 Options.compaction_options_fifo.allow_compaction: 0
2021/12/20-15:39:15.626785 3f88 Options.compaction_options_fifo.ttl: 0
2021/12/20-15:39:15.626799 3f88                   Options.table_properties_collectors: 
2021/12/20-15:39:15.626802 3f88                   Options.inplace_update_support: 0
2021/12/20-15:39:15.626807 3f88                 Options.inplace_update_num_locks: 10000
2021/12/20-15:39:15.626811 3f88               Options.memtable_prefix_bloom_size_ratio: 0.125000
2021/12/20-15:39:15.626815 3f88   Options.memtable_huge_page_size: 0
2021/12/20-15:39:15.626819 3f88                           Options.bloom_locality: 0
2021/12/20-15:39:15.626822 3f88                    Options.max_successive_merges: 0
2021/12/20-15:39:15.626826 3f88                Options.optimize_filters_for_hits: 0
2021/12/20-15:39:15.626829 3f88                Options.paranoid_file_checks: 0
2021/12/20-15:39:15.626833 3f88                Options.force_consistency_checks: 1
2021/12/20-15:39:15.626836 3f88                Options.report_bg_io_stats: 0
2021/12/20-15:39:15.626840 3f88                               Options.ttl: 0
2021/12/20-15:39:15.628670 3f88 [db\column_family.cc:474] --------------- Options for column family [Configuration]:
2021/12/20-15:39:15.628681 3f88               Options.comparator: leveldb.BytewiseComparator
2021/12/20-15:39:15.628685 3f88           Options.merge_operator: StringAppendOperator
2021/12/20-15:39:15.628688 3f88        Options.compaction_filter: None
2021/12/20-15:39:15.628692 3f88        Options.compaction_filter_factory: None
2021/12/20-15:39:15.628695 3f88         Options.memtable_factory: SkipListFactory
2021/12/20-15:39:15.628699 3f88            Options.table_factory: BlockBasedTable
2021/12/20-15:39:15.628730 3f88            table_factory options:   flush_block_policy_factory: FlushBlockBySizePolicyFactory (0000000000F157A0)
  cache_index_and_filter_blocks: 0
  cache_index_and_filter_blocks_with_high_priority: 1
  pin_l0_filter_and_index_blocks_in_cache: 1
  pin_top_level_index_and_filter: 1
  index_type: 2
  hash_index_allow_collision: 1
  checksum: 1
  no_block_cache: 0
  block_cache: 0000000000F72340
  block_cache_name: LRUCache
  block_cache_options:
    capacity : 536870912
    num_shard_bits : 8
    strict_capacity_limit : 0
    memory_allocator : None
    high_pri_pool_ratio: 0.000
  block_cache_compressed: 0000000000000000
  persistent_cache: 0000000000000000
  block_size: 4096
  block_size_deviation: 10
  block_restart_interval: 16
  index_block_restart_interval: 1
  metadata_block_size: 8192
  partition_filters: 1
  use_delta_encoding: 1
  filter_policy: nullptr
  whole_key_filtering: 1
  verify_compression: 0
  read_amp_bytes_per_bit: 0
  format_version: 0
  enable_index_compression: 1
  block_align: 0
2021/12/20-15:39:15.628734 3f88        Options.write_buffer_size: 67108864
2021/12/20-15:39:15.628737 3f88  Options.max_write_buffer_number: 3
2021/12/20-15:39:15.628741 3f88          Options.compression: Snappy
2021/12/20-15:39:15.628744 3f88                  Options.bottommost_compression: Disabled
2021/12/20-15:39:15.628787 3f88       Options.prefix_extractor: rocksdb.FixedPrefix.8
2021/12/20-15:39:15.628793 3f88   Options.memtable_insert_with_hint_prefix_extractor: nullptr
2021/12/20-15:39:15.628797 3f88             Options.num_levels: 7
2021/12/20-15:39:15.628800 3f88        Options.min_write_buffer_number_to_merge: 1
2021/12/20-15:39:15.628803 3f88     Options.max_write_buffer_number_to_maintain: 0
2021/12/20-15:39:15.628816 3f88            Options.bottommost_compression_opts.window_bits: -14
2021/12/20-15:39:15.628821 3f88                  Options.bottommost_compression_opts.level: 32767
2021/12/20-15:39:15.628825 3f88               Options.bottommost_compression_opts.strategy: 0
2021/12/20-15:39:15.628829 3f88         Options.bottommost_compression_opts.max_dict_bytes: 0
2021/12/20-15:39:15.628832 3f88         Options.bottommost_compression_opts.zstd_max_train_bytes: 0
2021/12/20-15:39:15.628844 3f88                  Options.bottommost_compression_opts.enabled: false
2021/12/20-15:39:15.628848 3f88            Options.compression_opts.window_bits: -14
2021/12/20-15:39:15.628851 3f88                  Options.compression_opts.level: 32767
2021/12/20-15:39:15.628855 3f88               Options.compression_opts.strategy: 0
2021/12/20-15:39:15.628858 3f88         Options.compression_opts.max_dict_bytes: 0
2021/12/20-15:39:15.628861 3f88         Options.compression_opts.zstd_max_train_bytes: 0
2021/12/20-15:39:15.628865 3f88                  Options.compression_opts.enabled: false
2021/12/20-15:39:15.628868 3f88      Options.level0_file_num_compaction_trigger: 10
2021/12/20-15:39:15.628871 3f88          Options.level0_slowdown_writes_trigger: 20
2021/12/20-15:39:15.628875 3f88              Options.level0_stop_writes_trigger: 40
2021/12/20-15:39:15.628878 3f88                   Options.target_file_size_base: 67108864
2021/12/20-15:39:15.628882 3f88             Options.target_file_size_multiplier: 1
2021/12/20-15:39:15.628887 3f88                Options.max_bytes_for_level_base: 536870912
2021/12/20-15:39:15.628890 3f88 Options.level_compaction_dynamic_level_bytes: 0
2021/12/20-15:39:15.628904 3f88          Options.max_bytes_for_level_multiplier: 10.000000
2021/12/20-15:39:15.628909 3f88 Options.max_bytes_for_level_multiplier_addtl[0]: 1
2021/12/20-15:39:15.628912 3f88 Options.max_bytes_for_level_multiplier_addtl[1]: 1
2021/12/20-15:39:15.628916 3f88 Options.max_bytes_for_level_multiplier_addtl[2]: 1
2021/12/20-15:39:15.628919 3f88 Options.max_bytes_for_level_multiplier_addtl[3]: 1
2021/12/20-15:39:15.628923 3f88 Options.max_bytes_for_level_multiplier_addtl[4]: 1
2021/12/20-15:39:15.628926 3f88 Options.max_bytes_for_level_multiplier_addtl[5]: 1
2021/12/20-15:39:15.628930 3f88 Options.max_bytes_for_level_multiplier_addtl[6]: 1
2021/12/20-15:39:15.628933 3f88       Options.max_sequential_skip_in_iterations: 8
2021/12/20-15:39:15.628937 3f88                    Options.max_compaction_bytes: 1677721600
2021/12/20-15:39:15.628949 3f88                        Options.arena_block_size: 8388608
2021/12/20-15:39:15.628952 3f88   Options.soft_pending_compaction_bytes_limit: 68719476736
2021/12/20-15:39:15.628956 3f88   Options.hard_pending_compaction_bytes_limit: 274877906944
2021/12/20-15:39:15.628959 3f88       Options.rate_limit_delay_max_milliseconds: 100
2021/12/20-15:39:15.628963 3f88                Options.disable_auto_compactions: 0
2021/12/20-15:39:15.628967 3f88                        Options.compaction_style: kCompactionStyleLevel
2021/12/20-15:39:15.628971 3f88                          Options.compaction_pri: kByCompensatedSize
2021/12/20-15:39:15.628974 3f88 Options.compaction_options_universal.size_ratio: 1
2021/12/20-15:39:15.628978 3f88 Options.compaction_options_universal.min_merge_width: 2
2021/12/20-15:39:15.628981 3f88 Options.compaction_options_universal.max_merge_width: 4294967295
2021/12/20-15:39:15.628984 3f88 Options.compaction_options_universal.max_size_amplification_percent: 200
2021/12/20-15:39:15.628988 3f88 Options.compaction_options_universal.compression_size_percent: -1
2021/12/20-15:39:15.628993 3f88 Options.compaction_options_universal.stop_style: kCompactionStopStyleTotalSize
2021/12/20-15:39:15.628997 3f88 Options.compaction_options_fifo.max_table_files_size: 1073741824
2021/12/20-15:39:15.629001 3f88 Options.compaction_options_fifo.allow_compaction: 0
2021/12/20-15:39:15.629004 3f88 Options.compaction_options_fifo.ttl: 0
2021/12/20-15:39:15.629008 3f88                   Options.table_properties_collectors: 
2021/12/20-15:39:15.629011 3f88                   Options.inplace_update_support: 0
2021/12/20-15:39:15.629014 3f88                 Options.inplace_update_num_locks: 10000
2021/12/20-15:39:15.629018 3f88               Options.memtable_prefix_bloom_size_ratio: 0.125000
2021/12/20-15:39:15.629022 3f88   Options.memtable_huge_page_size: 0
2021/12/20-15:39:15.629025 3f88                           Options.bloom_locality: 0
2021/12/20-15:39:15.629029 3f88                    Options.max_successive_merges: 0
2021/12/20-15:39:15.629032 3f88                Options.optimize_filters_for_hits: 0
2021/12/20-15:39:15.629035 3f88                Options.paranoid_file_checks: 0
2021/12/20-15:39:15.629039 3f88                Options.force_consistency_checks: 1
2021/12/20-15:39:15.629042 3f88                Options.report_bg_io_stats: 0
2021/12/20-15:39:15.629045 3f88                               Options.ttl: 0
2021/12/20-15:39:15.701368 3f88 [db\version_set.cc:3724] Recovered from manifest file:D:\project\microservice\cxh-microservices\cxh-register\nacos\data\protocol\raft\naming_persistent_service_v2\log/MANIFEST-000060 succeeded,manifest_file_number is 60, next_file_number is 63, last_sequence is 378, log_number is 0,prev_log_number is 0,max_column_family is 1,min_log_number_to_keep is 0
2021/12/20-15:39:15.701385 3f88 [db\version_set.cc:3732] Column family [default] (ID 0), log number is 59
2021/12/20-15:39:15.701389 3f88 [db\version_set.cc:3732] Column family [Configuration] (ID 1), log number is 59
2021/12/20-15:39:15.712385 3f88 EVENT_LOG_v1 {"time_micros": 1639985955701674, "job": 1, "event": "recovery_started", "log_files": [62]}
2021/12/20-15:39:15.712430 3f88 [db\db_impl_open.cc:578] Recovering log #62 mode 2
2021/12/20-15:39:16.084462 3f88 EVENT_LOG_v1 {"time_micros": 1639985956084444, "cf_name": "default", "job": 1, "event": "table_file_creation", "file_number": 63, "file_size": 857, "table_properties": {"data_size": 61, "index_size": 49, "filter_size": 0, "raw_key_size": 32, "raw_average_key_size": 32, "raw_value_size": 37, "raw_average_value_size": 37, "num_data_blocks": 1, "num_entries": 1, "filter_policy_name": ""}}
2021/12/20-15:39:16.086731 3f88 [db\version_set.cc:3037] Creating manifest 64
2021/12/20-15:39:16.161140 3f88 EVENT_LOG_v1 {"time_micros": 1639985956161120, "cf_name": "Configuration", "job": 1, "event": "table_file_creation", "file_number": 65, "file_size": 889, "table_properties": {"data_size": 86, "index_size": 49, "filter_size": 0, "raw_key_size": 58, "raw_average_key_size": 29, "raw_value_size": 45, "raw_average_value_size": 22, "num_data_blocks": 1, "num_entries": 2, "filter_policy_name": ""}}
2021/12/20-15:39:16.177638 3f88 EVENT_LOG_v1 {"time_micros": 1639985956177627, "job": 1, "event": "recovery_finished"}
2021/12/20-15:39:16.230232 3f88 [db\db_impl_open.cc:1314] DB pointer 0000000025ECF8E0
2021/12/20-15:39:16.230846 1950 [WARN] [db\db_impl.cc:669] ------- DUMPING STATS -------
2021/12/20-15:39:16.230861 1950 [WARN] [db\db_impl.cc:670] 
** DB Stats **
Uptime(secs): 0.6 total, 0.6 interval
Cumulative writes: 0 writes, 0 keys, 0 commit groups, 0.0 writes per commit group, ingest: 0.00 GB, 0.00 MB/s
Cumulative WAL: 0 writes, 0 syncs, 0.00 writes per sync, written: 0.00 GB, 0.00 MB/s
Cumulative stall: 00:00:0.000 H:M:S, 0.0 percent
Interval writes: 0 writes, 0 keys, 0 commit groups, 0.0 writes per commit group, ingest: 0.00 MB, 0.00 MB/s
Interval WAL: 0 writes, 0 syncs, 0.00 writes per sync, written: 0.00 MB, 0.00 MB/s
Interval stall: 00:00:0.000 H:M:S, 0.0 percent

** Compaction Stats [default] **
Level    Files   Size     Score Read(GB)  Rn(GB) Rnp1(GB) Write(GB) Wnew(GB) Moved(GB) W-Amp Rd(MB/s) Wr(MB/s) Comp(sec) Comp(cnt) Avg(sec) KeyIn KeyDrop
----------------------------------------------------------------------------------------------------------------------------------------------------------
  L0      4/0    3.13 KB   0.4      0.0     0.0      0.0       0.0      0.0       0.0   1.0      0.0      0.0         0         1    0.351       0      0
 Sum      4/0    3.13 KB   0.0      0.0     0.0      0.0       0.0      0.0       0.0   1.0      0.0      0.0         0         1    0.351       0      0
 Int      0/0    0.00 KB   0.0      0.0     0.0      0.0       0.0      0.0       0.0   1.0      0.0      0.0         0         1    0.351       0      0
Uptime(secs): 0.6 total, 0.6 interval
Flush(GB): cumulative 0.000, interval 0.000
AddFile(GB): cumulative 0.000, interval 0.000
AddFile(Total Files): cumulative 0, interval 0
AddFile(L0 Files): cumulative 0, interval 0
AddFile(Keys): cumulative 0, interval 0
Cumulative compaction: 0.00 GB write, 0.00 MB/s write, 0.00 GB read, 0.00 MB/s read, 0.4 seconds
Interval compaction: 0.00 GB write, 0.00 MB/s write, 0.00 GB read, 0.00 MB/s read, 0.4 seconds
Stalls(count): 0 level0_slowdown, 0 level0_slowdown_with_compaction, 0 level0_numfiles, 0 level0_numfiles_with_compaction, 0 stop for pending_compaction_bytes, 0 slowdown for pending_compaction_bytes, 0 memtable_compaction, 0 memtable_slowdown, interval 0 total count

** File Read Latency Histogram By Level [default] **
** Level 0 read latency histogram (micros):
Count: 22 Average: 7.9545  StdDev: 10.57
Min: 2  Median: 2.7273  Max: 37
Percentiles: P50: 2.73 P75: 3.83 P99: 37.00 P99.9: 37.00 P99.99: 37.00
------------------------------------------------------
(       1,       2 ]        3  13.636%  13.636% ###
(       2,       3 ]       11  50.000%  63.636% ##########
(       3,       4 ]        3  13.636%  77.273% ###
(       6,      10 ]        1   4.545%  81.818% #
(      15,      22 ]        1   4.545%  86.364% #
(      22,      34 ]        2   9.091%  95.455% ##
(      34,      51 ]        1   4.545% 100.000% #


** Compaction Stats [Configuration] **
Level    Files   Size     Score Read(GB)  Rn(GB) Rnp1(GB) Write(GB) Wnew(GB) Moved(GB) W-Amp Rd(MB/s) Wr(MB/s) Comp(sec) Comp(cnt) Avg(sec) KeyIn KeyDrop
----------------------------------------------------------------------------------------------------------------------------------------------------------
  L0      4/0    3.45 KB   0.4      0.0     0.0      0.0       0.0      0.0       0.0   1.0      0.0      0.0         0         1    0.036       0      0
  L1      1/0    0.76 KB   0.0      0.0     0.0      0.0       0.0      0.0       0.0   0.0      0.0      0.0         0         0    0.000       0      0
 Sum      5/0    4.21 KB   0.0      0.0     0.0      0.0       0.0      0.0       0.0   1.0      0.0      0.0         0         1    0.036       0      0
 Int      0/0    0.00 KB   0.0      0.0     0.0      0.0       0.0      0.0       0.0   1.0      0.0      0.0         0         1    0.036       0      0
Uptime(secs): 0.6 total, 0.6 interval
Flush(GB): cumulative 0.000, interval 0.000
AddFile(GB): cumulative 0.000, interval 0.000
AddFile(Total Files): cumulative 0, interval 0
AddFile(L0 Files): cumulative 0, interval 0
AddFile(Keys): cumulative 0, interval 0
Cumulative compaction: 0.00 GB write, 0.00 MB/s write, 0.00 GB read, 0.00 MB/s read, 0.0 seconds
Interval compaction: 0.00 GB write, 0.00 MB/s write, 0.00 GB read, 0.00 MB/s read, 0.0 seconds
Stalls(count): 0 level0_slowdown, 0 level0_slowdown_with_compaction, 0 level0_numfiles, 0 level0_numfiles_with_compaction, 0 stop for pending_compaction_bytes, 0 slowdown for pending_compaction_bytes, 0 memtable_compaction, 0 memtable_slowdown, interval 0 total count

** File Read Latency Histogram By Level [Configuration] **
** Level 0 read latency histogram (micros):
Count: 24 Average: 8.0000  StdDev: 9.81
Min: 2  Median: 2.7778  Max: 34
Percentiles: P50: 2.78 P75: 7.33 P99: 33.04 P99.9: 33.90 P99.99: 33.99
------------------------------------------------------
(       1,       2 ]        5  20.833%  20.833% ####
(       2,       3 ]        9  37.500%  58.333% ########
(       3,       4 ]        2   8.333%  66.667% ##
(       4,       6 ]        1   4.167%  70.833% #
(       6,      10 ]        3  12.500%  83.333% ###
(      15,      22 ]        1   4.167%  87.500% #
(      22,      34 ]        3  12.500% 100.000% ###

** Level 1 read latency histogram (micros):
Count: 4 Average: 32.0000  StdDev: 39.40
Min: 4  Median: 12.5000  Max: 100
Percentiles: P50: 12.50 P75: 15.00 P99: 100.00 P99.9: 100.00 P99.99: 100.00
------------------------------------------------------
(       3,       4 ]        1  25.000%  25.000% #####
(      10,      15 ]        2  50.000%  75.000% ##########
(      76,     110 ]        1  25.000% 100.000% #####


** Compaction Stats [default] **
Level    Files   Size     Score Read(GB)  Rn(GB) Rnp1(GB) Write(GB) Wnew(GB) Moved(GB) W-Amp Rd(MB/s) Wr(MB/s) Comp(sec) Comp(cnt) Avg(sec) KeyIn KeyDrop
----------------------------------------------------------------------------------------------------------------------------------------------------------
  L0      4/0    3.13 KB   0.4      0.0     0.0      0.0       0.0      0.0       0.0   1.0      0.0      0.0         0         1    0.351       0      0
 Sum      4/0    3.13 KB   0.0      0.0     0.0      0.0       0.0      0.0       0.0   1.0      0.0      0.0         0         1    0.351       0      0
 Int      0/0    0.00 KB   0.0      0.0     0.0      0.0       0.0      0.0       0.0   0.0      0.0      0.0         0         0    0.000       0      0
Uptime(secs): 0.6 total, 0.0 interval
Flush(GB): cumulative 0.000, interval 0.000
AddFile(GB): cumulative 0.000, interval 0.000
AddFile(Total Files): cumulative 0, interval 0
AddFile(L0 Files): cumulative 0, interval 0
AddFile(Keys): cumulative 0, interval 0
Cumulative compaction: 0.00 GB write, 0.00 MB/s write, 0.00 GB read, 0.00 MB/s read, 0.4 seconds
Interval compaction: 0.00 GB write, 0.00 MB/s write, 0.00 GB read, 0.00 MB/s read, 0.0 seconds
Stalls(count): 0 level0_slowdown, 0 level0_slowdown_with_compaction, 0 level0_numfiles, 0 level0_numfiles_with_compaction, 0 stop for pending_compaction_bytes, 0 slowdown for pending_compaction_bytes, 0 memtable_compaction, 0 memtable_slowdown, interval 0 total count

** File Read Latency Histogram By Level [default] **
** Level 0 read latency histogram (micros):
Count: 22 Average: 7.9545  StdDev: 10.57
Min: 2  Median: 2.7273  Max: 37
Percentiles: P50: 2.73 P75: 3.83 P99: 37.00 P99.9: 37.00 P99.99: 37.00
------------------------------------------------------
(       1,       2 ]        3  13.636%  13.636% ###
(       2,       3 ]       11  50.000%  63.636% ##########
(       3,       4 ]        3  13.636%  77.273% ###
(       6,      10 ]        1   4.545%  81.818% #
(      15,      22 ]        1   4.545%  86.364% #
(      22,      34 ]        2   9.091%  95.455% ##
(      34,      51 ]        1   4.545% 100.000% #


** Compaction Stats [Configuration] **
Level    Files   Size     Score Read(GB)  Rn(GB) Rnp1(GB) Write(GB) Wnew(GB) Moved(GB) W-Amp Rd(MB/s) Wr(MB/s) Comp(sec) Comp(cnt) Avg(sec) KeyIn KeyDrop
----------------------------------------------------------------------------------------------------------------------------------------------------------
  L0      4/0    3.45 KB   0.4      0.0     0.0      0.0       0.0      0.0       0.0   1.0      0.0      0.0         0         1    0.036       0      0
  L1      1/0    0.76 KB   0.0      0.0     0.0      0.0       0.0      0.0       0.0   0.0      0.0      0.0         0         0    0.000       0      0
 Sum      5/0    4.21 KB   0.0      0.0     0.0      0.0       0.0      0.0       0.0   1.0      0.0      0.0         0         1    0.036       0      0
 Int      0/0    0.00 KB   0.0      0.0     0.0      0.0       0.0      0.0       0.0   0.0      0.0      0.0         0         0    0.000       0      0
Uptime(secs): 0.6 total, 0.0 interval
Flush(GB): cumulative 0.000, interval 0.000
AddFile(GB): cumulative 0.000, interval 0.000
AddFile(Total Files): cumulative 0, interval 0
AddFile(L0 Files): cumulative 0, interval 0
AddFile(Keys): cumulative 0, interval 0
Cumulative compaction: 0.00 GB write, 0.00 MB/s write, 0.00 GB read, 0.00 MB/s read, 0.0 seconds
Interval compaction: 0.00 GB write, 0.00 MB/s write, 0.00 GB read, 0.00 MB/s read, 0.0 seconds
Stalls(count): 0 level0_slowdown, 0 level0_slowdown_with_compaction, 0 level0_numfiles, 0 level0_numfiles_with_compaction, 0 stop for pending_compaction_bytes, 0 slowdown for pending_compaction_bytes, 0 memtable_compaction, 0 memtable_slowdown, interval 0 total count

** File Read Latency Histogram By Level [Configuration] **
** Level 0 read latency histogram (micros):
Count: 24 Average: 8.0000  StdDev: 9.81
Min: 2  Median: 2.7778  Max: 34
Percentiles: P50: 2.78 P75: 7.33 P99: 33.04 P99.9: 33.90 P99.99: 33.99
------------------------------------------------------
(       1,       2 ]        5  20.833%  20.833% ####
(       2,       3 ]        9  37.500%  58.333% ########
(       3,       4 ]        2   8.333%  66.667% ##
(       4,       6 ]        1   4.167%  70.833% #
(       6,      10 ]        3  12.500%  83.333% ###
(      15,      22 ]        1   4.167%  87.500% #
(      22,      34 ]        3  12.500% 100.000% ###

** Level 1 read latency histogram (micros):
Count: 4 Average: 32.0000  StdDev: 39.40
Min: 4  Median: 12.5000  Max: 100
Percentiles: P50: 12.50 P75: 15.00 P99: 100.00 P99.9: 100.00 P99.99: 100.00
------------------------------------------------------
(       3,       4 ]        1  25.000%  25.000% #####
(      10,      15 ]        2  50.000%  75.000% ##########
(      76,     110 ]        1  25.000% 100.000% #####

2021/12/20-15:39:16.231255 1950 [WARN] [db\db_impl.cc:617] STATISTICS:
 rocksdb.block.cache.miss COUNT : 14
rocksdb.block.cache.hit COUNT : 0
rocksdb.block.cache.add COUNT : 14
rocksdb.block.cache.add.failures COUNT : 0
rocksdb.block.cache.index.miss COUNT : 6
rocksdb.block.cache.index.hit COUNT : 0
rocksdb.block.cache.index.add COUNT : 6
rocksdb.block.cache.index.bytes.insert COUNT : 612
rocksdb.block.cache.index.bytes.evict COUNT : 0
rocksdb.block.cache.filter.miss COUNT : 0
rocksdb.block.cache.filter.hit COUNT : 0
rocksdb.block.cache.filter.add COUNT : 0
rocksdb.block.cache.filter.bytes.insert COUNT : 0
rocksdb.block.cache.filter.bytes.evict COUNT : 0
rocksdb.block.cache.data.miss COUNT : 8
rocksdb.block.cache.data.hit COUNT : 0
rocksdb.block.cache.data.add COUNT : 8
rocksdb.block.cache.data.bytes.insert COUNT : 1044
rocksdb.block.cache.bytes.read COUNT : 0
rocksdb.block.cache.bytes.write COUNT : 1656
rocksdb.bloom.filter.useful COUNT : 0
rocksdb.bloom.filter.full.positive COUNT : 0
rocksdb.bloom.filter.full.true.positive COUNT : 0
rocksdb.persistent.cache.hit COUNT : 0
rocksdb.persistent.cache.miss COUNT : 0
rocksdb.sim.block.cache.hit COUNT : 0
rocksdb.sim.block.cache.miss COUNT : 0
rocksdb.memtable.hit COUNT : 0
rocksdb.memtable.miss COUNT : 0
rocksdb.l0.hit COUNT : 0
rocksdb.l1.hit COUNT : 0
rocksdb.l2andup.hit COUNT : 0
rocksdb.compaction.key.drop.new COUNT : 0
rocksdb.compaction.key.drop.obsolete COUNT : 0
rocksdb.compaction.key.drop.range_del COUNT : 0
rocksdb.compaction.key.drop.user COUNT : 0
rocksdb.compaction.range_del.drop.obsolete COUNT : 0
rocksdb.compaction.optimized.del.drop.obsolete COUNT : 0
rocksdb.compaction.cancelled COUNT : 0
rocksdb.number.keys.written COUNT : 0
rocksdb.number.keys.read COUNT : 0
rocksdb.number.keys.updated COUNT : 0
rocksdb.bytes.written COUNT : 0
rocksdb.bytes.read COUNT : 0
rocksdb.number.db.seek COUNT : 0
rocksdb.number.db.next COUNT : 0
rocksdb.number.db.prev COUNT : 0
rocksdb.number.db.seek.found COUNT : 0
rocksdb.number.db.next.found COUNT : 0
rocksdb.number.db.prev.found COUNT : 0
rocksdb.db.iter.bytes.read COUNT : 0
rocksdb.no.file.closes COUNT : 0
rocksdb.no.file.opens COUNT : 9
rocksdb.no.file.errors COUNT : 0
rocksdb.l0.slowdown.micros COUNT : 0
rocksdb.memtable.compaction.micros COUNT : 0
rocksdb.l0.num.files.stall.micros COUNT : 0
rocksdb.stall.micros COUNT : 0
rocksdb.db.mutex.wait.micros COUNT : 0
rocksdb.rate.limit.delay.millis COUNT : 0
rocksdb.num.iterators COUNT : 0
rocksdb.number.multiget.get COUNT : 0
rocksdb.number.multiget.keys.read COUNT : 0
rocksdb.number.multiget.bytes.read COUNT : 0
rocksdb.number.deletes.filtered COUNT : 0
rocksdb.number.merge.failures COUNT : 0
rocksdb.bloom.filter.prefix.checked COUNT : 0
rocksdb.bloom.filter.prefix.useful COUNT : 0
rocksdb.number.reseeks.iteration COUNT : 0
rocksdb.getupdatessince.calls COUNT : 0
rocksdb.block.cachecompressed.miss COUNT : 0
rocksdb.block.cachecompressed.hit COUNT : 0
rocksdb.block.cachecompressed.add COUNT : 0
rocksdb.block.cachecompressed.add.failures COUNT : 0
rocksdb.wal.synced COUNT : 0
rocksdb.wal.bytes COUNT : 0
rocksdb.write.self COUNT : 0
rocksdb.write.other COUNT : 0
rocksdb.write.timeout COUNT : 0
rocksdb.write.wal COUNT : 0
rocksdb.compact.read.bytes COUNT : 0
rocksdb.compact.write.bytes COUNT : 1746
rocksdb.flush.write.bytes COUNT : 0
rocksdb.number.direct.load.table.properties COUNT : 0
rocksdb.number.superversion_acquires COUNT : 0
rocksdb.number.superversion_releases COUNT : 0
rocksdb.number.superversion_cleanups COUNT : 0
rocksdb.number.block.compressed COUNT : 1
rocksdb.number.block.decompressed COUNT : 0
rocksdb.number.block.not_compressed COUNT : 0
rocksdb.merge.operation.time.nanos COUNT : 0
rocksdb.filter.operation.time.nanos COUNT : 0
rocksdb.row.cache.hit COUNT : 0
rocksdb.row.cache.miss COUNT : 0
rocksdb.read.amp.estimate.useful.bytes COUNT : 0
rocksdb.read.amp.total.read.bytes COUNT : 0
rocksdb.number.rate_limiter.drains COUNT : 0
rocksdb.number.iter.skip COUNT : 0
rocksdb.blobdb.num.put COUNT : 0
rocksdb.blobdb.num.write COUNT : 0
rocksdb.blobdb.num.get COUNT : 0
rocksdb.blobdb.num.multiget COUNT : 0
rocksdb.blobdb.num.seek COUNT : 0
rocksdb.blobdb.num.next COUNT : 0
rocksdb.blobdb.num.prev COUNT : 0
rocksdb.blobdb.num.keys.written COUNT : 0
rocksdb.blobdb.num.keys.read COUNT : 0
rocksdb.blobdb.bytes.written COUNT : 0
rocksdb.blobdb.bytes.read COUNT : 0
rocksdb.blobdb.write.inlined COUNT : 0
rocksdb.blobdb.write.inlined.ttl COUNT : 0
rocksdb.blobdb.write.blob COUNT : 0
rocksdb.blobdb.write.blob.ttl COUNT : 0
rocksdb.blobdb.blob.file.bytes.written COUNT : 0
rocksdb.blobdb.blob.file.bytes.read COUNT : 0
rocksdb.blobdb.blob.file.synced COUNT : 0
rocksdb.blobdb.blob.index.expired.count COUNT : 0
rocksdb.blobdb.blob.index.expired.size COUNT : 0
rocksdb.blobdb.blob.index.evicted.count COUNT : 0
rocksdb.blobdb.blob.index.evicted.size COUNT : 0
rocksdb.blobdb.gc.num.files COUNT : 0
rocksdb.blobdb.gc.num.new.files COUNT : 0
rocksdb.blobdb.gc.failures COUNT : 0
rocksdb.blobdb.gc.num.keys.overwritten COUNT : 0
rocksdb.blobdb.gc.num.keys.expired COUNT : 0
rocksdb.blobdb.gc.num.keys.relocated COUNT : 0
rocksdb.blobdb.gc.bytes.overwritten COUNT : 0
rocksdb.blobdb.gc.bytes.expired COUNT : 0
rocksdb.blobdb.gc.bytes.relocated COUNT : 0
rocksdb.blobdb.fifo.num.files.evicted COUNT : 0
rocksdb.blobdb.fifo.num.keys.evicted COUNT : 0
rocksdb.blobdb.fifo.bytes.evicted COUNT : 0
rocksdb.txn.overhead.mutex.prepare COUNT : 0
rocksdb.txn.overhead.mutex.old.commit.map COUNT : 0
rocksdb.txn.overhead.duplicate.key COUNT : 0
rocksdb.txn.overhead.mutex.snapshot COUNT : 0
